67
64
61
61
63
61
64
66
63
67
63.5
65
62
64
61
63
65
64
59
61.5
64
63
66
66
63
67
61
63
62
65
68
63
62
66
62
67
64.5
66
65
65
65
67
64
67
64
66
65
64
68
62
69
68
62
62
61
68
60
68
67
69
72
76
64
72
66
63
63
64
69
64
62
64
64
66
65
64.5
65
61
69
64
62
68
62
64.5
67
62
65
66
62
67
66
61
63
66
67
62.5
59.75
64
67
60
63
63
64
65
67
62
66
67
64
68
64
61
63
64
71
61
61
71
60.5
58.5
66.5
66
64
60
65
63
69
66
67
62
67
65
67
64
67
64
64
66
64
66
65.5
63
63
68
67
69
60
62
68
69
61
66
70
71
66
67
62
62
64
70
65.5
62.5
84
60
62
65
66
60
67.5
58
64
73
64
67
63
68
60
62
63
66
68
63
62
67
63
62
64
68
67.5
64
64
64
64
70
65
62
67
65
60
66
65
65
67
66
69
72
65
67
65
65
62
63
65
63
67
69
72
68
60
62
65
66
64
67
66
67
62
64
62
63
64
64
61
64
62
67
65
64
63
62
72
65
69
70
64
66
60.5
66
64
65
62
64
65
62
62
62
63
64
64
64
60
58
61
70
65
69.5
72
63
60
60
68.5
60
59
64
66
68
66
61
62
64
66
62
67
61.5
66
64
67
66
62
62
64
67.5
65
65
69.5
65
62
63
65
60
64
67
65
63
61
60.5
63
65
68
64
65
62
68
64
62
65
62
63
68
60
69.5
69
65
66
64
62
65
65
68
66
66.5
63
65
62
60
64
63
64
65
63
70
65
69
63
62
66
71
64
62
67
67
64
63
62
68
60
69
70
67
67
67.5
63
62
64
69
64
68
64
68
67
69
63
66
61
65
61
63
64
65
65
69
65
63
65
66
68
61
66
68
65
60
64
69
64
66
67
67
64
64
67
61
67
64
67
66.5
61
63
66
57.75
66
64
68
67
68
65
68
71
66
67
